53699
21027
38783
4553
38947
59683
13814
1556
17022
57480
30873
61949
51111
5750
22506
59537
58291
31191
2139
38542
57685
44511
6765
45234
4325
3086
6043
38149
28597
48854
40018
32581
9307
31736
28989
63498
47271
44311
27256
54708
60742
15169
18703
7208
50975
24408
42362
50951
26
47564
8296
30551
24059
63496
1152
42071
63254
43476
59413
15655
3943
54419
11096
12422
48685
51825
52830
34684
52686
53261
42313
16751
29398
61576
30502
59937
19541
52811
55611
38627
13680
21063
21374
7610
28231
25801
30509
39451
34623
44464
27944
48335
54801
3807
12826
43648
30005
48853
16854
58358
23959
47905
5310
38630
56580
40640
14652
58463
58129
43008
25303
58539
36655
4153
55337
7749
24245
30189
50147
36934
60961
29657
4675
34556
42714
3496
26479
1336
61293
6427
810
21674
41315
31092
61033
9601
4554
58977
59146
51181
58002
6231
10280
23280
61294
56862
25066
4579
58003
41642
7428
55032
37341
56213
1082
58212
1132
20372
29615
22511
37189
64990
33402
18540
41492
2871
63941
1232
22269
39978
17648
4332
13027
5552
64292
13031
36820
19052
52164
11933
27293
37684
7948
13066
63532
27113
58125
7544
57546
36306
46373
38462
12571
64847
51599
41711
26916
43457
47070
46064
15114
64597
15421
60954
50998
21822
19651
40471
34710
12042
53189
26977
53394
36172
14016
6643
20891
44368
8367
23647
25134
26860
33138
42556
4023
31526
10719
54025
50880
31908
43002
4585
25261
24264
32893
7501
19775
53335
40170
43248
54895
63935
19344
41151
55251
37331
25683
34472
10693
25191
36052
41985
7388
59033
25596
12190
38343
63380
47004
12789
11491
16311
10564
12051
48044
60485
41407
12538
37263
23238
10072
5748
29851
5537
37351
20653
763
43871
56213
59261
48266
55715
36281
32512
16901
16527
55634
41946
22102
47413
4537
11158
8046
23087
31096
30584
38035
54432
3041
48821
6378
51745
19851
46293
59346
62863
18740
20299
15993
60871
278
42247
28750
7681
34287
53699
17306
33876
1949
65352
54852
22530
63228
44982
47427
59054
20618
46644
6507
34286
29399
63156
28326
11796
15791
43803
56639
16282
22294
4766
57386
42685
17496
49668
62767
23739
59171
22126
27947
33810
62470
49989
39111
43332
10237
27724
50786
11349
39249
29145
46453
25782
11260
9295
43009
39354
22148
16320
18558
39294
22758
65373
31730
16215
22259
5170
35136
3572
29164
16878
61884
39017
46368
43350
61663
35974
5691
20665
62203
2264
50994
8655
55781
34087
62547
38789
40061
65004
51276
39002
34706
38418
10568
16552
3417
20136
16578
38459
57797
24177
8847
37365
61090
45887
8787
36678
6097
6533
57374
55824
36754
52109
18633
48312
43421
58694
41945
30587
21306
38034
62127
62006
3041
17333
62124
43218
63009
23887
53517
21139
14698
23111
19153
33789
58206
17298
32838
7245
2210
44835
6661
43091
27152
383
38802
8146
2529
43045
19912
65025
9551
23797
65452
54268
2095
56265
20193
6943
20965
55818
60592
26456
893
22668
22711
46409
7797
27212
43593
40750
41107
25435
58446
56503
15333
45700
25750
53079
38938
53773
19944
39952
5413
10516
15230
47188
41877
4893
62361
65157
7853
48966
14666
41784
50221
10253
51802
27628
40778
20
14524
42331
33942
21551
52835
49383
11547
36678
25107
36831
1161
1465
49875
34641
56017
48116
43402
45443
12672
35684
27638
14706
47756
27061
42337
15185
36285
31997
52907
35011
60664
60449
9345
51992
19405
22941
1728
14148
60532
36960
10788
22725
20995
49793
62787
12443
9579
30960
22082
34322
61091
58789
24337
13964
13883
8155
19859
6675
41667
8103
4924
41600
25136
19465
26459
17562
28416
39058
22528
29736
56451
34407
49776
8071
31404
41872
11352
9079
37231
9231
58906
50797
49915
62893
58249
29298
64686
51876
16057
18209
48479
23586
16145
51619
28171
60566
6497
41003
32027
30425
29412
32808
54727
6913
15568
64552
63920
8213
28392
52896
54286
13139
57702
23428
35008
38529
24584
4735
20404
24309
38165
59445
31608
13058
39523
30084
18923
37784
35685
16717
5284
28685
1379
853
64963
49909
62713
9873
47614
19572
45507
46471
39824
12557
15693
3698
22629
40913
30926
1164
6539
30779
30845
23298
28659
51975
25451
6734
42066
39604
56923
5336
8758
19342
7852
55681
13082
8510
60202
19701
59905
7290
62207
35543
42153
44844
41390
35095
22927
31849
35391
10162
37760
41985
30080
59411
22768
41941
20528
59401
49342
23354
38857
65057
58367
13169
24629
61309
36519
23323
48081
49971
13403
42635
49732
46064
34005
19348
60430
20419
39183
57762
12390
65036
16772
56963
45975
36530
64256
2465
48461
12946
35968
60148
45867
32024
12853
11378
31685
59742
31128
56613
46136
2869
56732
59354
46613
46448
43441
17770
28541
13266
25567
10200
23431
26488
49866
49209
34887
27077
8546
18918
2493
678
10391
43512
45154
3438
35985
28389
32381
4540
55435
4444
33838
13911
18177
35222
19991
2226
3415
9067
29060
48975
42776
50134
29091
58716
63324
56433
59219
11698
17215
10516
40869
20448
26765
8573
7961
48818
27852
8365
26848
4601
52128
34366
3249
40899
22058
10014
49759
55890
8116
60219
25614
6550
54510
24910
64770
59236
64189
53467
12256
16195
19933
6470
10780
25529
50764
45995
10036
34167
24084
61477
37858
62334
33692
1748
52120
32728
16853
38196
16315
12713
25831
27065
23633
58618
52906
7751
26564
41285
29560
34335
54945
58245
5088
45551
30712
58768
19197
40043
36406
50548
22923
4124
25323
59902
44031
9161
25662
55435
17306
43563
4347
344
18585
3152
18106
38239
21413
26512
17504
59779
47046
8558
27908
2218
57729
59538
35733
4006
60637
49980
47535
38056
59326
5312
49897
26299
59931
44407
50475
15045
44705
1822
13626
41155
42580
52038
22483
49126
30016
63027
41785
41261
18206
10003
34133
10222
46537
35438
22434
36131
57883
56837
11938
14200
34593
12691
63058
62660
61748
40701
27327
58573
60256
25120
58155
11926
34528
42262
14898
58244
36829
28135
62751
9380
6355
19972
62448
49270
41160
30516
43240
33047
26801
25829
3569
21975
55174
22618
11831
24122
43927
64080
16089
47519
55379
53613
31074
23621
37536
10937
31073
10926
18655
7294
64224
17754
16306
33911
60773
60212
50900
7352
48406
13949
33597
55046
3525
26977
2713
47381
28739
39569
63666
5452
38276
37210
